0x0000:  45b8 090a 517a 4000 3606 6f7b b788 b842
0x0010:  0ad7 ff9e db6f 0050 0087 97ce a516 edff
0x0020:  8018 00e5 833d 0000 0101 080a db0a c6b7
0x0030:  fb55 2020 504f 5354 202f 7271 6d2f 6576
0x0040:  656e 742f 6163 6365 7373 2f72 6563 6569
0x0050:  7665 2048 5454 502f 312e 310d 0a43 6f6e
0x0060:  7465 6e74 2d4c 656e 6774 683a 2032 3030
0x0070:  320d 0a43 6f6e 7465 6e74 2d54 7970 653a
0x0080:  2061 7070 6c69 6361 7469 6f6e 2f78 2d77
0x0090:  7777 2d66 6f72 6d2d 7572 6c65 6e63 6f64
0x00a0:  6564 3b20 6368 6172 7365 743d 5554 462d
0x00b0:  380d 0a48 6f73 743a 2072 716d 2e68 696b
0x00c0:  7975 6e2e 636f 6d0d 0a43 6f6e 6e65 6374
0x00d0:  696f 6e3a 204b 6565 702d 416c 6976 650d
0x00e0:  0a55 7365 722d 4167 656e 743a 2041 7061
0x00f0:  6368 652d 4874 7470 436c 6965 6e74 2f34
0x0100:  2e35 2e36 2028 4a61 7661 2f31 2e38 2e30
0x0110:  5f32 3432 290d 0a41 6363 6570 742d 456e
0x0120:  636f 6469 6e67 3a20 677a 6970 2c64 6566
0x0130:  6c61 7465 0d0a 0d0a 6461 7461 3d25 3742
0x0140:  2532 3262 6f64 7925 3232 2533 4125 3542
0x0150:  2537 4225 3232 6465 7669 6365 4964 2532
0x0160:  3225 3341 2532 3236 3030 3030 3030 3038
0x0170:  3434 3535 3837 3025 3341 3162 3035 3164
0x0180:  6166 6363 3231 3431 3137 6266 3433 6236
0x0190:  3866 2532 3225 3243 2532 3270 6179 6c6f
0x01a0:  6164 2532 3225 3341 2532 3225 3343 2533
0x01b0:  4678 6d6c 2b76 6572 7369 6f6e 2533 4425
0x01c0:  3543 2532 3231 2e30 2535 4325 3232 2b65
0x01d0:  6e63 6f64 696e 6725 3344 2535 4325 3232
0x01e0:  5554 462d 3825 3543 2532 3225 3346 2533
0x01f0:  4525 3543 6e25 3343 4576 656e 744e 6f74
0x0200:  6966 6963 6174 696f 6e41 6c65 7274 2533
0x0210:  4525 3543 7225 3543 6e25 3343 6970 4164
0x0220:  6472 6573 7325 3345 3130 2e31 342e 3635
0x0230:  2e33 3325 3343 2532 4669 7041 6464 7265
0x0240:  7373 2533 4525 3543 7225 3543 6e25 3343
0x0250:  706f 7274 4e6f 2533 4531 3830 3830 2533
0x0260:  4325 3246 706f 7274 4e6f 2533 4525 3543
0x0270:  7225 3543 6e25 3343 6461 7465 5469 6d65
0x0280:  2533 4532 3032 302d 3035 2d32 3254 3137
0x0290:  2533 4133 3425 3341 3331 2532 4230 3825
0x02a0:  3341 3030 2533 4325 3246 6461 7465 5469
0x02b0:  6d65 2533 4525 3543 7225 3543 6e25 3343
0x02c0:  6576 656e 7454 7970 6525 3345 414e 5052
0x02d0:  2533 4325 3246 6576 656e 7454 7970 6525
0x02e0:  3345 2535 4372 2535 436e 2533 4341 4e50
0x02f0:  5225 3345 2535 4372 2535 436e 2533 436c
0x0300:  6963 656e 7365 506c 6174 6525 3345 2545
0x0310:  3625 3842 2539 3637 3030 3030 3125 3343
0x0320:  2532 466c 6963 656e 7365 506c 6174 6525
0x0330:  3345 2535 4372 2535 436e 2533 436c 616e
0x0340:  6549 4425 3345 3431 3546 4442 3231 3631
0x0350:  3646 3944 4330 4541 4445 5f32 2533 4325
0x0360:  3246 6c61 6e65 4944 2533 4525 3543 7225
0x0370:  3543 6e25 3343 7061 7373 5469 6d65 2533
0x0380:  4532 3032 302d 3035 2d32 3154 3232 2533
0x0390:  4131 3525 3341 3530 2532 4230 3825 3341
0x03a0:  3030 2533 4325 3246 7061 7373 5469 6d65
0x03b0:  2533 4525 3543 7225 3543 6e25 3343 7265
0x03c0:  636f 7264 5575 6964 2533 4534 3135 4644
0x03d0:  4232 3136 3136 4639 4443 3232 3442 4345
0x03e0:  3437 4525 3343 2532 4672 6563 6f72 6455
0x03f0:  7569 6425 3345 2535 4372 2535 436e 2533
0x0400:  4370 6c61 7465 5479 7065 2533 4530 3254
0x0410:  7970 6550 6572 736f 6e61 6c69 7a65 6425
0x0420:  3343 2532 4670 6c61 7465 5479 7065 2533
0x0430:  4525 3543 7225 3543 6e25 3343 706c 6174
0x0440:  6543 6f6c 6f72 2533 4579 656c 6c6f 7725
0x0450:  3343 2532 4670 6c61 7465 436f 6c6f 7225
0x0460:  3345 2535 4372 2535 436e 2533 4376 6568
0x0470:  6963 6c65 496e 666f 2533 4525 3543 7225
0x0480:  3543 6e25 3343 7665 6869 636c 6554 7970
0x0490:  6525 3345 3225 3343 2532 4676 6568 6963
0x04a0:  6c65 5479 7065 2533 4525 3543 7225 3543
0x04b0:  6e25 3343 2532 4676 6568 6963 6c65 496e
0x04c0:  666f 2533 4525 3543 7225 3543 6e25 3343
0x04d0:  456e 7472 616e 6365 496e 666f 2533 4525
0x04e0:  3543 7225 3543 6e25 3343 7061 726b 696e
0x04f0:  6749 4425 3345 3630 3030 3030 3139 3032
0x0500:  3534 3136 3432 2533 4325 3246 7061 726b
0x0510:  696e 6749 4425 3345 2535 4372 2535 436e
0x0520:  2533 4367 6174 6549 4425 3345 3431 3546
0x0530:  4442 3231 3631 3646 3944 4330 4541 4445
0x0540:  2534 3031 2533 4325 3246 6761 7465 4944
0x0550:  2533 4525 3543 7225 3543 6e25 3343 6469
0x0560:  7265 6374 696f 6e25 3345 3125 3343 2532
0x0570:  4664 6972 6563 7469 6f6e 2533 4525 3543
0x0580:  7225 3543 6e25 3343 7665 6869 636c 6564
0x0590:  4e6f 2532 4625 3345 2535 4372 2535 436e
0x05a0:  2533 4370 6172 6b54 7970 6525 3345 3125
0x05b0:  3343 2532 4670 6172 6b54 7970 6525 3345
0x05c0:  2535 4372 2535 436e 2533 4325 3246 456e
0x05d0:  7472 616e 6365 496e 666f 2533 4525 3543
0x05e0:  7225 3543 6e25 3343 7069 6374 7572 6549
0x05f0:  6e66 6f4c 6973 7425 3345 2535 4372 2535
0x0600:  436e 2533 4370 6963 7475 7265 496e 666f
0x0610:  2533 4525 3543 7225 3543 6e25 3343 6461
0x0620:  7461 5479 7065 2533 4532 2533 4325 3246
0x0630:  6461 7461 5479 7065 2533 4525 3543 7225
0x0640:  3543 6e25 3343 7069 6374 7572 6555 524c
0x0650:  2533 4549 5341 5049 5f46 494c 4553 2532
0x0660:  4636 3030 3030 3030 3038 3434 3535 3837
0x0670:  3025 3341 3162 3035 3164 6166 6363 3231
0x0680:  3431 3137 6266 3433 6236 3866 5f30 2532
0x0690:  4632 3032 3030 3532 3231 3732 3933 3537
0x06a0:  3435 2d36 3030 3030 3030 3038 3434 3535
0x06b0:  3837 3025 3341 3162 3035 3164 6166 6363
0x06c0:  3231 3431 3137 6266 3433 6236 3866 2d30
0x06d0:  2d31 3030 3030 2d35 2532 3465 6e63 7279
0x06e0:  7074 2533 4432 2532 4332 3032 302d 3035
0x06f0:  2d32 3254 3137 2533 4133 3425 3341 3237
0x0700:  2532 4330 3064 3930 3630 3730 3030 3030
0x0710:  3030 3065 3032 3039 3830 3330 3030 3030
0x0720:  3030 3025 3343 2532 4670 6963 7475 7265
0x0730:  5552 4c25 3345 2535 4372 2535 436e 2533
0x0740:  4325 3246 7069 6374 7572 6549 6e66 6f25
0x0750:  3345 2535 4372 2535 436e 2533 4325 3246
0x0760:  7069 6374 7572 6549 6e66 6f4c 6973 7425
0x0770:  3345 2535 4372 2535 436e 2533 4325 3246
0x0780:  414e 5052 2533 4525 3543 7225 3543 6e25
0x0790:  3343 7465 726d 696e 436f 6465 2533 4531
0x07a0:  3032 3230 3034 3234 3145 3432 4f42 4750
0x07b0:  4c4a 5045 2533 4325 3246 7465 726d 696e
0x07c0:  436f 6465 2533 4525 3543 7225 3543 6e25
0x07d0:  3343 7265 6c65 6173 654d 6f64 6525 3345
0x07e0:  3625 3343 2532 4672 656c 6561 7365 4d6f
0x07f0:  6465 2533 4525 3543 7225 3543 6e25 3343
0x0800:  5555 4944 2533 4546 3133 4642 4533 4430
0x0810:  3543 3234 3637 4541 3030 3439 4144 4345
0x0820:  3432 3939 3031 3125 3343 2532 4655 5549
0x0830:  4425 3345 2535 4372 2535 436e 2533 4325
0x0840:  3246 4576 656e 744e 6f74 6966 6963 6174
0x0850:  696f 6e41 6c65 7274 2533 4525 3543 7225
0x0860:  3543 6e25 3232 2532 4325 3232 7973 5479
0x0870:  7065 2532 3225 3341 2532 3279 732e 6f70
0x0880:  656e 2e69 7361 7069 2532 3225 3744 2535
0x0890:  4425 3243 2532 326d 6573 7361 6765 4964
0x08a0:  2532 3225 3341 2532 3232 3433 3738 3932
0x08b0:  3839 3833 3233 3431 3530 3425 3232 2532
0x08c0:  4325 3232 7072 6f6a 6563 7449 6425 3232
0x08d0:  2533 4125 3232 3132 3637 3232 3530 3335
0x08e0:  3632 3137 3238 2532 3225 3243 2532 3273
0x08f0:  7562 5479 7065 2532 3225 3341 2532 3269
0x0900:  7361 7069 2532 3225 3744

